40.7128,-74.0060
34.0522,-118.2437
41.8781,-87.6298
29.7604,-95.3698
33.4484,-112.0740
39.9526,-75.1652
29.4241,-98.4936
32.7157,-117.1611
32.7767,-96.7970
37.3541,-121.9552
30.2672,-97.7431
30.3322,-81.6557
37.7749,-122.4194
39.9612,-82.9988
32.7555,-97.3308
39.7684,-86.1581
35.2271,-80.8431
47.6062,-122.3321
39.7392,-104.9903
38.8951,-77.0364
42.3601,-71.0589
31.7619,-106.4850
36.1627,-86.7816
42.3314,-83.0458
35.4634,-97.5151
35.1495,-90.0490
45.5051,-122.6750
36.1699,-115.1398
38.2527,-85.7585
39.2904,-76.6122
43.0389,-87.9065
35.0844,-106.6504
32.2226,-110.9747
36.7372,-119.7871
38.5816,-121.4944
39.0997,-94.5786
33.7701,-118.1937
33.4152,-111.8315
33.7490,-84.3880
38.8339,-104.8214
35.7796,-78.6382
25.7617,-80.1918
41.2565,-95.9345
37.8044,-122.2711
36.1540,-95.9928
44.9778,-93.2650
41.4993,-81.6944
37.6872,-97.3301
32.7357,-97.1081
29.9511,-90.0715